{"name":"Cave","type":"custom","description":"Dark dungeon and cave tones. Deep stone, shadow, moss, and underground atmosphere.","sections":[{"title":"Stone","colors":[[25,22,20,255],[35,30,28,255],[45,38,35,255],[55,48,42,255],[68,58,50,255],[82,70,60,255],[95,82,70,255],[108,94,80,255]]},{"title":"Moss","colors":[[22,25,20,255],[30,35,28,255],[38,45,35,255],[48,55,42,255],[58,68,50,255],[70,82,60,255],[82,95,70,255],[94,108,80,255]]},{"title":"Shadow","colors":[[20,18,25,255],[28,25,35,255],[35,32,45,255],[42,40,55,255],[50,48,68,255],[60,58,82,255],[70,68,95,255],[80,78,108,255]]},{"title":"Underground","colors":[[18,22,22,255],[25,30,30,255],[32,38,38,255],[40,48,48,255],[50,58,58,255],[60,70,70,255],[70,82,82,255],[80,94,94,255]]},{"title":"Rock","colors":[[55,45,35,255],[70,58,45,255],[85,72,55,255],[100,85,65,255],[115,98,75,255],[130,112,85,255],[145,125,95,255],[160,138,105,255]]},{"title":"Moss stone","colors":[[40,50,45,255],[52,65,58,255],[65,80,72,255],[78,95,85,255],[92,110,98,255],[105,125,112,255],[118,140,125,255],[132,155,138,255]]},{"title":"Deep","colors":[[15,15,18,255],[22,22,25,255],[30,30,35,255],[40,40,45,255],[52,52,58,255],[65,65,72,255],[78,78,85,255],[92,92,98,255]]}]}